gme: 11 (rate = 2.1999999999999997%)
cramer: 11 (rate = 2.1999999999999997%)
pltr: 6 (rate = 1.2%)
amc: 5 (rate = 1.0%)
